0 1.3877787807814457e-16 2.6034729927459921e-14 -3.907985046680551e-14 2.2210011607626257e-13 -1.0813572259849025e-13 1.074140776324839e-13 -2.4036328483134639e-14 -4.9543702473897611e-14 1.1324274851176597e-14 1.3322676295501878e-13 6.6613381477509392e-15 1.0896838986695911e-13 -3.5527136788005009e-15 -1.1213252548714081e-14 -8.6042284408449632e-16 -0 
0 0.074171601176718921 0.1370512484415275 0.17906608550376812 0.19381973428622123 0.17906608550375647 0.13705124844154826 0.07417160117672017 -2.9276895704281788e-15 -0.074171601176694024 -0.13705124844145922 -0.1790660855037195 -0.19381973428610744 -0.17906608550373848 -0.13705124844151206 -0.07417160117671634 -9.3730408106525972e-17 
2.2204460492503131e-16 0.13705124844151617 0.2532376866804773 0.33087098272768412 0.35813217100753714 0.33087098272768578 0.2532376866804894 0.1370512484415275 1.1672437874867471e-14 -0.13705124844149341 -0.253237686680437 -0.33087098272763926 -0.35813217100747963 -0.33087098272765214 -0.25323768668046265 -0.13705124844152045 -5.0182080713057076e-14 
-6.6613381477509392e-15 0.1790660855037487 0.3308709827276709 0.43230377218423321 0.46792223116919995 0.43230377218423943 0.33087098272768545 0.17906608550376921 1.5515366769136563e-14 -0.17906608550373473 -0.33087098272764548 -0.43230377218420024 -0.46792223116916221 -0.43230377218420712 -0.33087098272765531 -0.17906608550373299 7.1054273576010019e-14 
-3.7811024152948187e-14 0.19381973428613564 0.35813217100750372 0.46792223116918868 0.50647537336095005 0.46792223116919723 0.3581321710075232 0.19381973428616958 1.5899156274353073e-14 -0.19381973428613683 -0.35813217100748923 -0.46792223116916465 -0.50647537336092163 -0.46792223116916953 -0.35813217100749783 -0.19381973428614843 -9.0989599624229041e-15 
-7.5649169715036641e-14 0.1790660855037268 0.33087098272766224 0.43230377218422733 0.46792223116919324 0.43230377218423605 0.33087098272768301 0.1790660855037689 1.5293915177908495e-14 -0.17906608550373815 -0.33087098272765258 -0.43230377218420751 -0.46792223116916892 -0.43230377218421123 -0.33087098272766058 -0.17906608550375258 -1.3673804189302276e-14 
-1.379532440714387e-14 0.13705124844150618 0.25323768668047053 0.33087098272767651 0.35813217100751943 0.33087098272768189 0.25323768668048324 0.13705124844152883 1.450350658766162e-14 -0.13705124844149996 -0.25323768668045482 -0.33087098272765481 -0.35813217100749495 -0.33087098272765714 -0.25323768668045998 -0.13705124844150879 2.3197891704078312e-15 
-4.5148596398852888e-15 0.074171601176721599 0.13705124844152664 0.17906608550376804 0.19381973428616872 0.17906608550376843 0.13705124844152863 0.074171601176729107 1.3735321018870801e-14 -0.074171601176701657 -0.13705124844150118 -0.17906608550374106 -0.19381973428614166 -0.1790660855037419 -0.13705124844150279 -0.074171601176705321 -5.0391239556064982e-15 
-3.4459664940587038e-14 2.6201263381153694e-14 2.6820820392053527e-14 2.1476895728373125e-14 1.7600631748871169e-14 1.5291742558109415e-14 1.3955234025452601e-14 1.3215780649246723e-14 1.2772330317493581e-14 1.2490616443428453e-14 1.2275379151602455e-14 1.2113001765536728e-14 1.2140854205409103e-14 1.2760181229007687e-14 1.5598633495983449e-14 2.7255975254547593e-14 7.9649083505546384e-14 
3.1710180370114716e-13 -0.074171601176609175 -0.13705124844146704 -0.17906608550372655 -0.193819734286135 -0.17906608550373876 -0.13705124844150129 -0.074171601176703017 1.1594569662823225e-14 0.074171601176726568 0.13705124844152564 0.17906608550376504 0.19381973428616528 0.17906608550376515 0.13705124844152516 0.074171601176719115 -4.2534270921589312e-14 
-1.1099211760719971e-14 -0.13705124844148109 -0.25323768668043972 -0.33087098272764681 -0.35813217100749117 -0.33087098272765508 -0.25323768668045749 -0.13705124844150379 1.0163500006806349e-14 0.1370512484415245 0.25323768668047908 0.3308709827276784 0.35813217100751771 0.33087098272767873 0.25323768668048124 0.13705124844153466 5.5377790323649271e-14 
-1.3264663246438922e-14 -0.17906608550374481 -0.33087098272765342 -0.43230377218420846 -0.46792223116917042 -0.4323037721842124 -0.33087098272765925 -0.17906608550374525 8.4001988738796271e-15 0.17906608550376246 0.33087098272767712 0.43230377218423111 0.46792223116919102 0.43230377218423038 0.33087098272767573 0.17906608550376324 2.0488767180499432e-14 
-2.0546769960635408e-14 -0.19381973428615279 -0.35813217100749978 -0.46792223116917375 -0.50647537336092951 -0.46792223116917525 -0.35813217100750089 -0.19381973428614743 6.8143379999508498e-15 0.19381973428616098 0.35813217100751477 0.46792223116918968 0.50647537336094406 0.46792223116918702 0.35813217100750777 0.19381973428614327 -4.5090469917998026e-14 
2.4218418723115585e-14 -0.17906608550374492 -0.33087098272766208 -0.43230377218421723 -0.46792223116917742 -0.43230377218421784 -0.33087098272766385 -0.17906608550374911 5.0586310922039004e-15 0.17906608550375919 0.33087098272767368 0.43230377218422789 0.46792223116918719 0.43230377218422539 0.33087098272766741 0.17906608550374592 -1.9047719672520452e-14 
6.5343236814072673e-15 -0.13705124844151029 -0.25323768668046559 -0.33087098272766535 -0.35813217100750455 -0.33087098272766541 -0.25323768668046592 -0.1370512484415112 3.3873872837508286e-15 0.13705124844151792 0.2532376866804727 0.3308709827276719 0.35813217100751055 0.33087098272767018 0.25323768668046903 0.13705124844151323 3.2958644182862986e-15 
-1.4218896937006908e-14 -0.074171601176717616 -0.13705124844151398 -0.17906608550375283 -0.19381973428615282 -0.17906608550375253 -0.13705124844151284 -0.074171601176713564 1.7188099232463027e-15 0.074171601176716964 0.13705124844151631 0.17906608550375572 0.19381973428615562 0.17906608550375491 0.13705124844151473 0.074171601176715021 9.373040810652612e-17 
-0 -9.3730408106525972e-17 -1.7319121124709863e-16 -2.2628522245754005e-16 -2.4492935982947064e-16 -2.2628522245754005e-16 -1.7319121124709868e-16 -9.3730408106525996e-17 -2.9995195653237152e-32 9.3730408106525935e-17 1.7319121124709863e-16 2.2628522245754e-16 2.4492935982947064e-16 2.2628522245754005e-16 1.7319121124709871e-16 9.373040810652612e-17 5.9990391306474304e-32 
